10000 35000
10500 34000
11000 33000
11500 33000
12000 35000
12500 31000
13000 37000
13500 35000
14000 35000
14500 35000
15000 33000
15500 38000
16000 39000
16500 39000
17000 39000
17500 36000
18000 35000
18500 37000
19000 34000
19500 36000
20000 37000
20500 42000
21000 39000
21500 35000
22000 37000
22500 38000
23000 37000
23500 37000
24000 41000
24500 37000
25000 35000
25500 38000
26000 38000
26500 38000
27000 37000
27500 39000
28000 38000
28500 40000
29000 36000
29500 40000
30000 34000
30500 38000
31000 36000
31500 34000
32000 35000
32500 36000
33000 39000
33500 34000
34000 35000
34500 34000
35000 36000
35500 37000
36000 37000
36500 36000
37000 38000
37500 38000
38000 36000
38500 32000
39000 37000
39500 35000
40000 37000
40500 34000
41000 36000
41500 33000
42000 34000
42500 33000
43000 34000
43500 34000
44000 34000
44500 35000
45000 34000
45500 35000
46000 35000
46500 35000
47000 34000
47500 37000
48000 37000
48500 34000
49000 36000
49500 36000
50000 37000
50500 37000
51000 36000
51500 36000
52000 34000
52500 36000
53000 36000
53500 35000
54000 36000
54500 37000
55000 34000
55500 35000
56000 37000
56500 36000
57000 36000
57500 33000
58000 34000
58500 36000
59000 35000
59500 33000
60000 40000
60500 38000
61000 36000
61500 37000
62000 37000
62500 37000
63000 38000
63500 39000
64000 35000
64500 38000
65000 38000
65500 38000
66000 39000
66500 39000
67000 36000
67500 37000
68000 35000
68500 36000
69000 35000
69500 36000
70000 37000
70500 36000
71000 35000
71500 38000
72000 36000
72500 35000
73000 37000
73500 38000
74000 37000
74500 35000
75000 37000
75500 34000
76000 33000
76500 37000
77000 40000
77500 37000
78000 38000
78500 36000
79000 36000
79500 36000
80000 37000
80500 36000
81000 39000
81500 38000
82000 36000
82500 35000
83000 35000
83500 32000
84000 35000
84500 34000
85000 36000
85500 36000
86000 36000
86500 37000
87000 36000
87500 36000
88000 34000
88500 36000
89000 38000
89500 37000
90000 35000
90500 36000
91000 37000
91500 39000
92000 36000
92500 37000
93000 37000
93500 36000
94000 38000
94500 37000
95000 38000
95500 35000
96000 35000
96500 33000
97000 36000
97500 36000
98000 34000
98500 34000
99000 35000
99500 35000
100000 33000
