100 19000
200 21000
300 24000
400 24000
500 25000
600 27000
700 26000
800 25000
900 26000
1000 25000
1100 28000
1200 28000
1300 27000
1400 27000
1500 27000
1600 27000
1700 27000
1800 28000
1900 27000
2000 27000
2100 30000
2200 30000
2300 30000
2400 30000
2500 31000
2600 35000
2700 32000
2800 32000
2900 32000
3000 32000
3100 33000
3200 33000
3300 32000
3400 32000
3500 33000
3600 32000
3700 32000
3800 30000
3900 30000
4000 30000
4100 32000
4200 32000
4300 33000
4400 32000
4500 32000
4600 32000
4700 32000
4800 32000
4900 32000
5000 32000
5100 32000
5200 32000
5300 33000
5400 33000
5500 33000
5600 33000
5700 32000
5800 33000
5900 33000
6000 32000
6100 32000
6200 33000
6300 33000
6400 33000
6500 32000
6600 32000
6700 33000
6800 33000
6900 33000
7000 33000
7100 33000
7200 33000
7300 32000
7400 32000
7500 32000
7600 32000
7700 32000
7800 32000
7900 32000
8000 32000
8100 32000
8200 35000
8300 35000
8400 35000
8500 35000
8600 36000
8700 35000
8800 35000
8900 35000
9000 35000
9100 35000
9200 35000
9300 35000
9400 34000
9500 34000
9600 34000
9700 34000
9800 34000
9900 35000
10000 35000
