1000 8000
1500 12000
2000 12000
2500 8000
3000 8000
3500 12000
4000 8000
4500 12000
5000 13000
5500 12000
6000 8000
6500 9000
7000 12000
7500 13000
8000 8000
8500 11000
9000 13000
9500 13000
10000 9000
10500 13000
11000 9000
11500 10000
12000 8000
12500 10000
13000 11000
13500 9000
14000 12000
14500 10000
15000 11000
15500 12000
16000 9000
16500 12000
17000 12000
17500 12000
18000 8000
18500 8000
19000 11000
19500 8000
20000 7000
20500 8000
21000 9000
21500 13000
22000 12000
22500 13000
23000 12000
23500 10000
24000 10000
24500 12000
25000 10000
25500 10000
26000 9000
26500 11000
27000 13000
27500 10000
28000 10000
28500 12000
29000 9000
29500 8000
30000 8000
30500 10000
31000 10000
31500 10000
32000 13000
32500 11000
33000 11000
33500 13000
34000 7000
34500 12000
35000 9000
35500 12000
36000 8000
36500 9000
37000 13000
37500 11000
38000 12000
38500 12000
39000 12000
39500 13000
40000 10000
40500 12000
41000 12000
41500 11000
42000 10000
42500 8000
43000 11000
43500 8000
44000 12000
44500 10000
45000 12000
45500 13000
46000 9000
46500 12000
47000 12000
47500 8000
48000 7000
48500 12000
49000 12000
49500 8000
50000 9000
50500 10000
51000 11000
51500 11000
52000 12000
52500 12000
53000 10000
53500 12000
54000 11000
54500 8000
55000 8000
55500 12000
56000 11000
56500 9000
57000 11000
57500 10000
58000 12000
58500 12000
59000 11000
59500 12000
60000 10000
60500 12000
61000 10000
61500 12000
62000 11000
62500 12000
63000 13000
63500 10000
64000 8000
64500 9000
65000 8000
65500 8000
66000 11000
66500 13000
67000 10000
67500 13000
68000 12000
68500 8000
69000 10000
69500 11000
70000 10000
70500 12000
71000 11000
71500 11000
72000 12000
72500 8000
73000 9000
73500 10000
74000 10000
74500 12000
75000 12000
75500 12000
76000 13000
76500 12000
77000 10000
77500 8000
78000 11000
78500 12000
79000 13000
79500 8000
80000 9000
80500 12000
81000 9000
81500 8000
82000 8000
82500 11000
83000 8000
83500 12000
84000 10000
84500 12000
85000 9000
85500 9000
86000 13000
86500 11000
87000 12000
87500 10000
88000 13000
88500 10000
89000 13000
89500 12000
90000 11000
90500 12000
91000 11000
91500 12000
92000 10000
92500 11000
93000 11000
93500 12000
94000 10000
94500 12000
95000 10000
95500 12000
96000 9000
96500 13000
97000 9000
97500 11000
98000 12000
98500 12000
99000 8000
99500 9000
100000 11000
