100 5000
200 5000
300 5000
400 5000
500 5000
600 5000
700 5000
800 5000
900 5000
1000 5000
1100 6000
1200 5000
1300 5000
1400 5000
1500 5000
1600 6000
1700 5000
1800 5000
1900 5000
2000 6000
2100 5000
2200 5000
2300 5000
2400 5000
2500 4000
2600 4000
2700 4000
2800 5000
2900 5000
3000 5000
3100 5000
3200 5000
3300 6000
3400 5000
3500 5000
3600 5000
3700 5000
3800 5000
3900 6000
4000 5000
4100 4000
4200 4000
4300 5000
4400 5000
4500 5000
4600 5000
4700 5000
4800 5000
4900 5000
5000 5000
5100 5000
5200 5000
5300 5000
5400 5000
5500 5000
5600 5000
5700 5000
5800 5000
5900 5000
6000 5000
6100 5000
6200 5000
6300 6000
6400 5000
6500 5000
6600 5000
6700 5000
6800 5000
6900 5000
7000 5000
7100 4000
7200 4000
7300 4000
7400 4000
7500 5000
7600 5000
7700 5000
7800 5000
7900 6000
8000 5000
8100 5000
8200 5000
8300 5000
8400 5000
8500 5000
8600 5000
8700 5000
8800 4000
8900 5000
9000 5000
9100 5000
9200 5000
9300 6000
9400 5000
9500 5000
9600 6000
9700 5000
9800 5000
9900 5000
10000 5000
