10000 366000
11000 389000
12000 395000
13000 326000
14000 338000
15000 340000
16000 299000
17000 295000
18000 262000
19000 262000
20000 234000
21000 235000
22000 213000
23000 197000
24000 202000
25000 184000
26000 190000
27000 175000
28000 174000
29000 163000
30000 167000
31000 159000
32000 158000
33000 163000
34000 169000
35000 173000
36000 172000
37000 184000
38000 158000
39000 158000
40000 158000
41000 158000
42000 167000
43000 161000
44000 161000
45000 163000
46000 164000
47000 162000
48000 166000
49000 165000
50000 167000
51000 171000
52000 165000
53000 169000
54000 167000
55000 169000
56000 171000
57000 167000
58000 182000
59000 171000
60000 170000
61000 171000
62000 184000
63000 170000
64000 187000
65000 185000
66000 191000
67000 176000
68000 179000
69000 175000
70000 176000
71000 175000
72000 176000
73000 175000
74000 177000
75000 177000
76000 176000
77000 178000
78000 177000
79000 179000
80000 179000
81000 182000
82000 178000
83000 179000
84000 182000
85000 178000
86000 180000
87000 181000
88000 180000
89000 182000
90000 182000
91000 182000
92000 183000
93000 182000
94000 183000
95000 184000
96000 185000
97000 185000
98000 184000
99000 182000
100000 185000
