100 779000
200 1527000
300 2353000
400 3039000
500 3896000
600 4735000
700 5328000
800 6201000
900 7283000
1000 7917000
1100 8684000
1200 9505000
1300 9959000
1400 10656000
1500 11451000
1600 13037000
1700 13837000
1800 15190000
1900 17526000
2000 18973000
2100 20283000
2200 21033000
2300 22271000
2400 23466000
2500 24477000
2600 25676000
2700 26197000
2800 24949000
2900 25681000
3000 25893000
3100 26649000
3200 27971000
3300 28607000
3400 29685000
3500 29321000
3600 30053000
3700 30792000
3800 31915000
3900 33214000
4000 34030000
4100 34280000
4200 35188000
4300 36030000
4400 38381000
4500 38607000
4600 38601000
4700 39408000
4800 40302000
4900 41032000
5000 41825000
5100 42656000
5200 43719000
5300 44882000
5400 45488000
5500 45814000
5600 46887000
5700 48238000
5800 49951000
5900 49740000
6000 50251000
6100 51103000
6200 53004000
6300 52781000
6400 53849000
6500 54382000
6600 55342000
6700 55870000
6800 56735000
6900 57458000
7000 58982000
7100 59291000
7200 60409000
7300 61131000
7400 62358000
7500 62711000
7600 63640000
7700 64068000
7800 65368000
7900 65886000
8000 66735000
8100 67684000
8200 68553000
8300 70347000
8400 71335000
8500 70824000
8600 71568000
8700 73136000
8800 76156000
8900 74874000
9000 75497000
9100 76304000
9200 77077000
9300 77951000
9400 78768000
9500 79642000
9600 80537000
9700 81217000
9800 82173000
9900 83479000
10000 83869000
