1000 22000
1500 21000
2000 21000
2500 22000
3000 21000
3500 22000
4000 21000
4500 21000
5000 17000
5500 17000
6000 17000
6500 16000
7000 17000
7500 17000
8000 17000
8500 14000
9000 14000
9500 14000
10000 14000
10500 14000
11000 8000
11500 8000
12000 9000
12500 9000
13000 8000
13500 8000
14000 8000
14500 8000
15000 8000
15500 8000
16000 8000
16500 8000
17000 8000
17500 9000
18000 8000
18500 8000
19000 8000
19500 8000
20000 8000
20500 8000
21000 8000
21500 8000
22000 8000
22500 9000
23000 8000
23500 8000
24000 8000
24500 8000
25000 8000
25500 8000
26000 8000
26500 8000
27000 7000
27500 8000
28000 7000
28500 8000
29000 8000
29500 8000
30000 8000
30500 8000
31000 8000
31500 8000
32000 8000
32500 8000
33000 8000
33500 8000
34000 7000
34500 8000
35000 7000
35500 8000
36000 7000
36500 8000
37000 8000
37500 8000
38000 8000
38500 8000
39000 8000
39500 8000
40000 8000
40500 8000
41000 7000
41500 8000
42000 8000
42500 8000
43000 8000
43500 8000
44000 8000
44500 8000
45000 8000
45500 8000
46000 7000
46500 7000
47000 8000
47500 8000
48000 7000
48500 7000
49000 8000
49500 8000
50000 10000
50500 8000
51000 8000
51500 8000
52000 32000
52500 8000
53000 8000
53500 8000
54000 8000
54500 8000
55000 7000
55500 8000
56000 8000
56500 8000
57000 8000
57500 8000
58000 8000
58500 7000
59000 8000
59500 7000
60000 8000
60500 8000
61000 7000
61500 8000
62000 8000
62500 8000
63000 7000
63500 8000
64000 8000
64500 8000
65000 8000
65500 7000
66000 8000
66500 8000
67000 7000
67500 8000
68000 7000
68500 7000
69000 7000
69500 7000
70000 8000
70500 8000
71000 8000
71500 7000
72000 7000
72500 7000
73000 7000
73500 7000
74000 63000
74500 8000
75000 7000
75500 7000
76000 7000
76500 8000
77000 7000
77500 8000
78000 7000
78500 8000
79000 8000
79500 7000
80000 8000
80500 7000
81000 7000
81500 7000
82000 7000
82500 7000
83000 8000
83500 7000
84000 8000
84500 8000
85000 7000
85500 7000
86000 8000
86500 48000
87000 8000
87500 8000
88000 7000
88500 8000
89000 8000
89500 8000
90000 7000
90500 7000
91000 8000
91500 8000
92000 8000
92500 8000
93000 7000
93500 7000
94000 8000
94500 8000
95000 7000
95500 8000
96000 7000
96500 8000
97000 8000
97500 8000
98000 8000
98500 7000
99000 7000
99500 8000
100000 8000
