100 144000
200 276000
300 397000
400 528000
500 655000
600 795000
700 931000
800 1072000
900 1215000
1000 1349000
1100 1484000
1200 1642000
1300 1727000
1400 1822000
1500 1959000
1600 2138000
1700 2272000
1800 2403000
1900 2532000
2000 2670000
2100 2807000
2200 3022000
2300 3066000
2400 3200000
2500 3348000
2600 3460000
2700 3607000
2800 3733000
2900 3874000
3000 4002000
3100 4037000
3200 4143000
3300 4273000
3400 4386000
3500 4396000
3600 4581000
3700 4630000
3800 4778000
3900 4897000
4000 5009000
4100 5140000
4200 5259000
4300 5390000
4400 5524000
4500 5629000
4600 5761000
4700 5896000
4800 6006000
4900 6135000
5000 6265000
5100 6400000
5200 6527000
5300 6630000
5400 6771000
5500 6886000
5600 7047000
5700 7140000
5800 7261000
5900 7401000
6000 7541000
6100 7644000
6200 7760000
6300 7902000
6400 8020000
6500 8144000
6600 8270000
6700 8392000
6800 8549000
6900 8634000
7000 8777000
7100 8881000
7200 9028000
7300 9206000
7400 9269000
7500 9439000
7600 9540000
7700 9671000
7800 9840000
7900 9907000
8000 10153000
8100 10229000
8200 10451000
8300 11368000
8400 11159000
8500 11912000
8600 12082000
8700 11519000
8800 12327000
8900 12166000
9000 11996000
9100 11839000
9200 11740000
9300 13218000
9400 12199000
9500 14659000
9600 12616000
9700 13729000
9800 12407000
9900 13804000
10000 14505000
