100 7000
200 6000
300 5000
400 5000
500 4000
600 5000
700 5000
800 4000
900 6000
1000 5000
1100 6000
1200 7000
1300 4000
1400 5000
1500 7000
1600 4000
1700 4000
1800 5000
1900 6000
2000 4000
2100 5000
2200 7000
2300 6000
2400 5000
2500 5000
2600 4000
2700 7000
2800 6000
2900 4000
3000 6000
3100 7000
3200 8000
3300 6000
3400 6000
3500 7000
3600 6000
3700 7000
3800 4000
3900 5000
4000 5000
4100 6000
4200 5000
4300 8000
4400 6000
4500 4000
4600 5000
4700 6000
4800 4000
4900 5000
5000 5000
5100 5000
5200 6000
5300 4000
5400 6000
5500 7000
5600 5000
5700 5000
5800 6000
5900 5000
6000 6000
6100 4000
6200 4000
6300 5000
6400 6000
6500 4000
6600 4000
6700 7000
6800 4000
6900 4000
7000 7000
7100 7000
7200 7000
7300 5000
7400 4000
7500 4000
7600 6000
7700 5000
7800 7000
7900 7000
8000 5000
8100 6000
8200 5000
8300 5000
8400 6000
8500 4000
8600 6000
8700 6000
8800 5000
8900 6000
9000 4000
9100 5000
9200 6000
9300 5000
9400 6000
9500 5000
9600 5000
9700 5000
9800 5000
9900 5000
10000 6000
